RUN: market data last_updated max = 2026-09-28T19:05:20.000Z
coins in snapshot: 1250

=== TOP 40 BY 30D CHANGE (mcap > $30M) ===
  symbol        mcap                fdv       chg7      chg30  vol_mcap    ath_chg
BABYCLAW    91376294     91,376,294.000 56,177.829 41,083.537     0.000 18,791.644
   BONER    49224634     49,224,634.000     -2.842  1,812.185     0.021    -40.170
   STONK   207541008    207,518,490.000    -32.731  1,124.305     0.138    -36.504
    RHEA    55712808    135,093,917.000    275.364    978.408     0.263    -32.345
      FP    52343809     52,343,809.000     59.231    575.565     0.005    -55.356
   BULLA    81491486     81,491,486.000    -23.440    393.399     0.005    -83.393
     PRL   435493810  2,785,369,317.000     42.144    368.856     0.007    -24.555
     QNT  3539901193  3,556,528,800.000    270.672    301.173     0.450    -43.020
     AKE   738146853  3,238,018,765.000    -37.569    297.834     0.025    -77.922
 USELESS   244428159    244,428,159.000    -13.739    295.052     0.163    -43.765
      BR   265766744    895,842,960.000    -25.547    282.589     0.029    -33.648
    REUR    62008637 20,669,545,573.000    260.850    254.531     0.319     -0.009
MARSCOIN   159244219    159,244,219.000     61.889    245.429     0.789    -39.446
      BP   317044049  1,268,176,195.000     43.402    209.214     0.048    -19.537
     LSK    72799409     92,495,797.000    -16.066    201.613     0.350    -99.119
    NEAR  6371501376  6,371,501,624.000     25.279    166.572     0.206    -76.160
 MUBARAK    58844096     58,844,096.000     33.638    166.413     0.990    -72.132
    SECZ    64252630    413,019,248.000     46.961    153.736     0.000     -3.448
     RAY   520523704  1,070,506,187.000     11.632    147.995     0.136    -88.540
     BTW  2676615191  9,883,584,074.000      6.049    143.088     0.015    -30.876
    PONS   366392492    366,349,083.000     -7.245    142.584     0.153    -44.736
     PHA    51096519     59,613,581.000     18.763    139.200     0.748    -95.719
     ARB  1394859160  2,055,624,234.000     -7.952    135.582     0.253    -91.401
    MINA   190185917    190,185,917.000     22.719    130.868     0.074    -98.384
      AI   226622134    226,622,134.000     -5.446    129.511     0.074    -40.704
     DRV   384247367    576,567,636.000     -5.010    128.314     0.045    -24.463
      牛来   119707039    119,707,039.000     14.522    124.009     0.352    -26.185
     ARX    54091154    259,018,370.000     28.014    118.930     0.711    -44.530
    AIOZ   154087944    154,090,315.000     10.662    108.951     0.066    -95.468
    SHFL   288763509    548,177,337.000     84.432    103.881     0.026    -24.343
      AR   279776894    279,776,894.000     -2.878    103.826     0.106    -95.225
     UNI  5502653630  7,872,938,526.000      1.452     92.880     0.190    -80.255
     GAL    73763513    115,481,643.000    -11.029     90.589     0.000    -96.849
     GRT   336809941    357,486,313.000     31.861     87.058     0.390    -98.917
    ATOS    51955498  5,752,634,587.000     -5.353     82.755     0.002    -47.328
     ZEC 25319693476 25,323,396,527.000      2.933     80.622     0.041    -53.232
    VTHO    74125449     74,150,208.000      4.523     78.009     0.442    -98.463
      SC    54309893     54,309,893.000     15.298     75.680     0.106    -98.825
     SKR   128784594    192,071,309.000    -12.626     74.769     0.033    -67.605
     UNP    51684269    185,095,688.000     17.113     74.752     0.005    -63.118

=== TOP 30 BY 7D CHANGE (mcap > $100M) ===
  symbol       mcap    chg7   chg30  vol_mcap  ath_chg
     QNT 3539901193 270.672 301.173     0.450  -43.020
    SHFL  288763509  84.432 103.881     0.026  -24.343
    SOON  111261593  71.103  64.341     0.942  -92.387
MARSCOIN  159244219  61.889 245.429     0.789  -39.446
   GRASS  409916213  61.624  63.139     0.188  -84.948
      BP  317044049  43.402 209.214     0.048  -19.537
     PRL  435493810  42.144 368.856     0.007  -24.555
    HBAR 5645617567  40.154  68.921     0.219  -77.388
     ZRO  558730606  35.942  45.881     0.220  -78.860
     SEI  523745005  33.495  70.293     0.461  -93.176
      2Z  233776665  32.059  23.913     0.081  -92.460
     GRT  336809941  31.861  87.058     0.390  -98.917
   SUPER  122766198  30.398  74.042     0.099  -95.955
    RUNE  258575775  29.534  70.851     0.857  -96.232
    PROM  114229282  27.027  -1.242     0.074  -94.075
     ENA 2653467829  26.479  68.083     0.243  -82.686
    KMNO  246802621  26.015  73.223     0.088  -82.356
    PYTH  623512806  25.960  66.705     0.076  -93.382
     DBR  122114793  25.428  41.705     0.040  -62.700
    NEAR 6371501376  25.279 166.572     0.206  -76.160
    PUMP 2417871462  24.902   9.721     0.233  -41.072
    AERO  819180516  22.816  68.365     0.106  -64.503
    MINA  190185917  22.719 130.868     0.074  -98.384
   PLUME  117964643  21.409  27.143     0.221  -92.788
     XDC  720673538  21.407  30.949     0.058  -81.254
    ALGO 1218523789  21.186  53.527     0.185  -96.220
     MET  181466676  20.775  63.293     0.179  -52.569
    PEAQ  106588808  20.259  72.541     0.036  -94.416
   JASMY  252396406  19.929  11.752     0.150  -99.893
    SN51  134063621  19.727  42.596     0.018  -24.350

=== BOTTOM 25 BY 30D CHANGE (mcap > $150M) ===
  symbol        mcap    chg7   chg30  ath_chg
    RAIN  8908552241 -10.656 -28.585  -35.478
   TRUMP   566211514  -5.188 -23.783  -97.265
  ULTIMA   152320631  -5.594 -21.259  -92.130
     SPX   391459855 -14.691 -18.408  -81.491
FARTCOIN   169797513  -9.323 -12.223  -93.153
 CASHCAT   186988647   6.436 -11.277  -39.814
    HASH   436073668   1.230  -9.224  -87.590
     KAG   227846716  -7.206  -7.704  -52.910
    XAUT  2852926826  -4.652  -7.012  -24.804
    PAXG  1802606636  -4.461  -7.009  -26.227
     KAU   323775215  -3.722  -6.798  -34.445
     LEO  8324200221   1.809  -6.240  -14.745
     BDX   594633008  -0.302  -4.766  -83.247
     CVX   201976984   5.866  -3.688  -96.394
    COCO   162161019  -2.123  -2.736  -54.310
    BORG   171684380  -0.211  -2.651  -89.332
      PI  1007452335   0.618  -2.515  -97.003
    EURC   457857639  -0.869  -1.804  -15.938
   EURCV   190704212  -0.835  -1.749   -6.698
   EUTBL   730511685  -0.812  -1.689   -4.456
 EURSAFO  1487074899  -0.806  -1.649   -2.648
    币安人生   497598550  -2.332  -1.402  -44.354
    WLFI  1819952322   1.345  -0.721  -82.715
     TRX 31949443146  -2.294  -0.657  -22.001
     NFT   238400593  -0.027  -0.305  -96.799

=== FDV/MCAP BLOWOUTS (mcap > $80M, fdv/mcap > 4) ===
symbol        mcap                fdv  fdv_mcap   chg30
  SOON   111261593  3,605,123,954.000    32.402  64.341
   MON   340952265  2,902,967,638.000     8.514   9.764
  PROS    90549378    667,768,272.000     7.375  56.233
  DGAI   151663558  1,011,090,387.000     6.667  49.780
   CAP    86998347    557,681,711.000     6.410 -18.930
   PRL   435493810  2,785,369,317.000     6.396 368.856
     O    84269955    526,687,217.000     6.250  -1.037
   SHX    96444332    517,097,321.000     5.362  53.562
  CHIP    88016935    440,084,675.000     5.000   6.991
     H   141949059    692,277,000.000     4.877 -10.034
  SENT   149920591    711,704,367.000     4.747  62.740
  ZAMA   199129477    895,110,884.000     4.495  52.194
    MX   172393196    767,804,281.000     4.454   7.410
   AKE   738146853  3,238,018,765.000     4.387 297.834
  HYPE 19629106480 84,298,429,672.000     4.295   6.733
  KITE   328490393  1,373,749,334.000     4.182   6.107
 KAITO    80576923    333,805,435.000     4.143   6.450

=== dailyFees: UNAVAILABLE ===
=== dailyRevenue: UNAVAILABLE ===
=== dailyHoldersRevenue: UNAVAILABLE ===